
    Y      R      M      G      T      K      A      E      C      D      V      L      W      N      F      P      H      Q      S      I      X   
Y -5.19  3.242  1.707  -5.35  -3.87  -2.20  -3.17  -0.85  0.228  2.348  0.312  0.831  -4.34  0.606  -2.98  2.639  -0.46  3.039  -6.29  -6.85  2.459 
R 3.242  4.351  2.945  -8.20  -0.83  -0.28  -1.69  2.935  4.694  -3.11  2.947  0.641  -5.24  0.892  1.059  3.495  -1.55  1.746  -10.8  2.656  2.061 
M 1.707  2.945  2.661  -4.73  -3.51  -3.89  -2.09  2.404  -2.97  -1.72  2.608  1.116  -4.14  -1.38  -0.54  2.891  5.358  -0.45  -6.29  0.483  0.000 
G -5.35  -8.20  -4.73  4.604  -1.93  -4.31  -4.51  -6.97  -1.13  -2.26  -3.55  -2.07  1.229  -2.92  -3.03  -3.86  -2.35  -3.29  0.023  -3.21  -0.76 
T -3.87  -0.83  -3.51  -1.93  -2.64  -1.28  0.143  -5.52  2.028  1.020  -3.85  0.828  -14.4  -7.32  5.380  6.855  2.416  1.068  -7.89  1.788  2.353 
K -2.20  -0.28  -3.89  -4.31  -1.28  -2.38  4.419  2.158  -0.37  -3.52  -2.55  0.765  -3.10  0.414  -3.42  -1.15  -5.05  0.470  2.522  -5.29  -2.69 
A -3.17  -1.69  -2.09  -4.51  0.143  4.419  3.455  4.999  -1.89  -5.91  1.195  2.222  -3.89  -2.43  -2.13  -0.25  -3.43  0.620  0.149  -3.51  0.000 
E -0.85  2.935  2.404  -6.97  -5.52  2.158  4.999  2.571  -0.21  -5.05  5.052  2.081  -8.28  -5.74  -0.61  -2.08  -4.00  -0.15  -2.02  0.484  -3.48 
C 0.228  4.694  -2.97  -1.13  2.028  -0.37  -1.89  -0.21  -7.66  -7.47  -0.44  -2.74  -0.04  -1.05  -0.35  0.053  -5.55  -1.33  -2.85  -0.16  1.666 
D 2.348  -3.11  -1.72  -2.26  1.020  -3.52  -5.91  -5.05  -7.47  4.696  -3.30  -1.87  -4.08  -6.26  -1.27  -6.60  3.129  -0.49  -5.08  -1.23  -8.10 
V 0.312  2.947  2.608  -3.55  -3.85  -2.55  1.195  5.052  -0.44  -3.30  0.474  1.688  -1.78  -0.52  2.137  0.137  -0.60  1.403  -2.22  2.833  0.684 
L 0.831  0.641  1.116  -2.07  0.828  0.765  2.222  2.081  -2.74  -1.87  1.688  -1.70  -3.74  0.356  0.107  -0.69  2.852  2.470  -1.40  1.877  0.308 
W -4.34  -5.24  -4.14  1.229  -14.4  -3.10  -3.89  -8.28  -0.04  -4.08  -1.78  -3.74  3.721  -3.53  -5.01  -4.47  -0.98  -5.47  -0.69  -6.38  0.000 
N 0.606  0.892  -1.38  -2.92  -7.32  0.414  -2.43  -5.74  -1.05  -6.26  -0.52  0.356  -3.53  3.777  -3.64  -7.80  -6.68  -5.11  3.535  -3.85  -1.44 
F -2.98  1.059  -0.54  -3.03  5.380  -3.42  -2.13  -0.61  -0.35  -1.27  2.137  0.107  -5.01  -3.64  1.600  5.587  -3.76  0.326  -5.00  2.601  -1.89 
P 2.639  3.495  2.891  -3.86  6.855  -1.15  -0.25  -2.08  0.053  -6.60  0.137  -0.69  -4.47  -7.80  5.587  4.906  -4.24  2.920  -6.20  0.906  3.519 
H -0.46  -1.55  5.358  -2.35  2.416  -5.05  -3.43  -4.00  -5.55  3.129  -0.60  2.852  -0.98  -6.68  -3.76  -4.24  -17.3  -2.81  -5.53  -3.57  -6.87 
Q 3.039  1.746  -0.45  -3.29  1.068  0.470  0.620  -0.15  -1.33  -0.49  1.403  2.470  -5.47  -5.11  0.326  2.920  -2.81  -2.60  -0.73  -1.78  2.570 
S -6.29  -10.8  -6.29  0.023  -7.89  2.522  0.149  -2.02  -2.85  -5.08  -2.22  -1.40  -0.69  3.535  -5.00  -6.20  -5.53  -0.73  -1.05  -1.27  -2.18 
I -6.85  2.656  0.483  -3.21  1.788  -5.29  -3.51  0.484  -0.16  -1.23  2.833  1.877  -6.38  -3.85  2.601  0.906  -3.57  -1.78  -1.27  4.279  -3.03 
X 2.459  2.061  0.000  -0.76  2.353  -2.69  0.000  -3.48  1.666  -8.10  0.684  0.308  0.000  -1.44  -1.89  3.519  -6.87  2.570  -2.18  -3.03  0.000 

