
    V      I      W      A      S      E      Q      G      N      H      P      Y      C      M      T      F      K      L      R      D      X   
V 4.166  2.899  1.527  0.303  -3.23  0.373  0.018  -9.39  -6.74  -0.23  -0.32  0.980  1.386  2.201  1.504  2.737  -0.37  2.565  1.355  -7.43  -0.00 
I 2.899  4.501  0.448  -0.55  -3.35  -1.60  -0.48  -10.8  -7.37  -1.12  -1.76  0.084  -0.16  1.865  0.750  2.273  -1.42  2.827  -0.19  -7.42  -1.48 
W 1.527  0.448  2.939  -1.63  -1.80  0.287  0.492  0.190  -3.49  0.871  -1.90  1.003  0.894  -0.26  -0.53  0.355  0.441  0.519  1.034  -6.76  -1.83 
A 0.303  -0.55  -1.63  2.944  2.451  2.056  1.451  -3.18  -0.59  1.310  1.626  0.114  -0.42  0.582  1.146  0.976  2.195  -0.48  1.719  -2.07  0.319 
S -3.23  -3.35  -1.80  2.451  3.690  1.244  0.576  -0.96  -0.54  0.845  2.845  -0.50  -1.15  -1.28  0.733  -0.26  1.892  -1.71  0.493  -1.51  0.839 
E 0.373  -1.60  0.287  2.056  1.244  2.865  3.006  -3.08  -0.99  2.106  0.731  2.102  -1.21  1.231  0.907  -0.58  2.591  -0.57  3.155  -1.12  0.473 
Q 0.018  -0.48  0.492  1.451  0.576  3.006  3.536  -3.69  -0.57  2.542  0.754  3.208  -1.86  1.822  1.473  -0.68  2.726  -0.11  3.198  -0.97  0.609 
G -9.39  -10.8  0.190  -3.18  -0.96  -3.08  -3.69  6.052  1.816  -1.52  -6.03  -3.57  0.431  -5.49  -5.38  -4.87  -2.82  -7.20  -4.38  -1.81  0.430 
N -6.74  -7.37  -3.49  -0.59  -0.54  -0.99  -0.57  1.816  4.560  -0.57  -0.24  -2.25  0.708  -4.00  -3.15  -3.53  -1.12  -5.93  -1.37  1.719  -0.79 
H -0.23  -1.12  0.871  1.310  0.845  2.106  2.542  -1.52  -0.57  1.837  1.421  2.300  -1.41  0.366  1.314  -0.26  2.049  -0.62  2.206  -0.59  1.345 
P -0.32  -1.76  -1.90  1.626  2.845  0.731  0.754  -6.03  -0.24  1.421  6.962  2.605  -0.58  0.710  2.252  1.832  2.434  0.236  2.365  -0.60  2.826 
Y 0.980  0.084  1.003  0.114  -0.50  2.102  3.208  -3.57  -2.25  2.300  2.605  3.169  -1.25  2.189  2.105  0.440  1.984  0.807  2.672  -0.82  1.304 
C 1.386  -0.16  0.894  -0.42  -1.15  -1.21  -1.86  0.431  0.708  -1.41  -0.58  -1.25  1.097  -0.03  -0.56  0.866  -1.10  -0.37  -1.04  -3.02  0.197 
M 2.201  1.865  -0.26  0.582  -1.28  1.231  1.822  -5.49  -4.00  0.366  0.710  2.189  -0.03  2.858  1.941  1.388  0.943  2.239  1.796  -1.79  0.066 
T 1.504  0.750  -0.53  1.146  0.733  0.907  1.473  -5.38  -3.15  1.314  2.252  2.105  -0.56  1.941  2.968  0.802  1.289  1.979  1.007  -1.94  1.551 
F 2.737  2.273  0.355  0.976  -0.26  -0.58  -0.68  -4.87  -3.53  -0.26  1.832  0.440  0.866  1.388  0.802  3.361  -0.66  1.199  -0.08  -3.36  0.554 
K -0.37  -1.42  0.441  2.195  1.892  2.591  2.726  -2.82  -1.12  2.049  2.434  1.984  -1.10  0.943  1.289  -0.66  2.808  -0.74  2.938  -1.80  1.056 
L 2.565  2.827  0.519  -0.48  -1.71  -0.57  -0.11  -7.20  -5.93  -0.62  0.236  0.807  -0.37  2.239  1.979  1.199  -0.74  3.159  0.493  -5.67  -1.14 
R 1.355  -0.19  1.034  1.719  0.493  3.155  3.198  -4.38  -1.37  2.206  2.365  2.672  -1.04  1.796  1.007  -0.08  2.938  0.493  3.739  -3.00  0.691 
D -7.43  -7.42  -6.76  -2.07  -1.51  -1.12  -0.97  -1.81  1.719  -0.59  -0.60  -0.82  -3.02  -1.79  -1.94  -3.36  -1.80  -5.67  -3.00  5.691  -1.83 
X -0.00  -1.48  -1.83  0.319  0.839  0.473  0.609  0.430  -0.79  1.345  2.826  1.304  0.197  0.066  1.551  0.554  1.056  -1.14  0.691  -1.83  0.000 

