
    K      T      L      Y      Q      H      R      V      W      S      I      P      C      E      N      A      D      F      G      X      M   
K 8.691  3.244  -3.68  -4.62  6.530  2.775  8.450  -2.31  -12.4  1.218  -0.39  -1.17  -1.20  4.336  0.739  -1.19  -1.91  -9.29  -9.93  -0.63  2.016 
T 3.244  6.213  -0.98  -4.01  4.658  1.411  4.468  -0.55  -4.88  4.472  0.318  -3.60  -0.64  4.037  2.904  -0.49  1.212  -8.02  -10.6  1.385  0.211 
L -3.68  -0.98  11.47  -0.60  -4.40  -1.71  -4.31  2.532  -3.59  -8.21  7.771  -12.4  0.001  -7.08  -7.47  -7.90  -11.3  1.002  -19.6  -5.33  7.344 
Y -4.62  -4.01  -0.60  13.73  -4.58  6.494  -1.64  -5.03  10.10  -7.75  -1.49  -19.1  5.611  -7.23  -8.22  -8.80  -11.8  6.438  -16.7  -7.24  0.644 
Q 6.530  4.658  -4.40  -4.58  7.473  2.283  6.964  -4.44  -8.78  1.411  -2.33  -5.00  -2.76  6.684  1.388  -2.62  2.952  -10.3  -6.93  2.882  1.182 
H 2.775  1.411  -1.71  6.494  2.283  7.379  2.744  -5.13  0.415  0.794  -2.55  -5.27  2.345  1.330  0.922  -4.39  -0.23  -1.86  -6.66  0.988  -0.44 
R 8.450  4.468  -4.31  -1.64  6.964  2.744  9.738  -1.04  -10.4  1.613  0.275  -4.36  -1.00  4.326  -1.77  -4.10  -2.42  -7.91  -11.3  1.526  0.898 
V -2.31  -0.55  2.532  -5.03  -4.44  -5.13  -1.04  10.31  -8.04  -7.89  5.999  -12.5  3.116  -5.93  -8.82  0.857  -11.9  -1.89  -12.5  -5.96  0.781 
W -12.4  -4.88  -3.59  10.10  -8.78  0.415  -10.4  -8.04  18.22  -12.9  -7.33  -31.0  0.387  -12.6  -19.0  -9.26  -8.75  3.360  -30.4  -3.36  2.092 
S 1.218  4.472  -8.21  -7.75  1.411  0.794  1.613  -7.89  -12.9  10.80  -7.61  4.783  -3.27  2.190  8.149  3.189  5.389  -13.7  -3.43  -1.32  -5.10 
I -0.39  0.318  7.771  -1.49  -2.33  -2.55  0.275  5.999  -7.33  -7.61  8.360  -11.5  -0.40  -4.47  -7.27  -5.76  -10.9  -0.23  -17.0  -5.03  4.779 
P -1.17  -3.60  -12.4  -19.1  -5.00  -5.27  -4.36  -12.5  -31.0  4.783  -11.5  16.26  -9.01  -0.84  0.275  -1.64  0.186  -22.5  -9.58  -0.64  -7.38 
C -1.20  -0.64  0.001  5.611  -2.76  2.345  -1.00  3.116  0.387  -3.27  -0.40  -9.01  6.386  -4.38  -4.22  1.781  -6.77  -0.47  -8.61  -3.50  0.346 
E 4.336  4.037  -7.08  -7.23  6.684  1.330  4.326  -5.93  -12.6  2.190  -4.47  -0.84  -4.38  8.904  1.756  -2.79  6.057  -11.1  -7.74  3.388  -0.71 
N 0.739  2.904  -7.47  -8.22  1.388  0.922  -1.77  -8.82  -19.0  8.149  -7.27  0.275  -4.22  1.756  12.18  -1.68  8.824  -12.9  -1.57  2.403  -4.61 
A -1.19  -0.49  -7.90  -8.80  -2.62  -4.39  -4.10  0.857  -9.26  3.189  -5.76  -1.64  1.781  -2.79  -1.68  10.77  -2.37  -11.9  1.341  -3.76  -3.74 
D -1.91  1.212  -11.3  -11.8  2.952  -0.23  -2.42  -11.9  -8.75  5.389  -10.9  0.186  -6.77  6.057  8.824  -2.37  12.47  -16.3  -4.91  4.300  -4.63 
F -9.29  -8.02  1.002  6.438  -10.3  -1.86  -7.91  -1.89  3.360  -13.7  -0.23  -22.5  -0.47  -11.1  -12.9  -11.9  -16.3  16.02  -24.4  -17.4  0.032 
G -9.93  -10.6  -19.6  -16.7  -6.93  -6.66  -11.3  -12.5  -30.4  -3.43  -17.0  -9.58  -8.61  -7.74  -1.57  1.341  -4.91  -24.4  19.37  -1.28  -13.9 
X -0.63  1.385  -5.33  -7.24  2.882  0.988  1.526  -5.96  -3.36  -1.32  -5.03  -0.64  -3.50  3.388  2.403  -3.76  4.300  -17.4  -1.28  9.873  1.895 
M 2.016  0.211  7.344  0.644  1.182  -0.44  0.898  0.781  2.092  -5.10  4.779  -7.38  0.346  -0.71  -4.61  -3.74  -4.63  0.032  -13.9  1.895  6.408 

