
    E      S      D      A      X      K      F      M      H      V      C      Y      I      N      Q      P      G      L      W      T      R   
E 5.904  0.899  7.353  -5.80  -6.65  3.870  -6.80  -8.70  -0.37  -9.69  -17.3  -7.92  -6.98  0.912  3.669  -0.31  -6.37  -4.49  -15.9  -2.54  1.213 
S 0.899  6.983  3.056  -2.06  -3.74  1.676  -13.3  -7.31  -6.68  -13.2  -16.0  -17.9  -14.0  8.760  2.606  -4.04  -6.25  -7.82  -11.9  2.997  -0.11 
D 7.353  3.056  9.118  -5.64  -4.74  2.088  -10.6  -9.87  -5.77  -9.65  -14.0  -15.0  -7.85  6.185  1.750  -6.66  0.749  -10.5  -37.6  -3.40  -2.35 
A -5.80  -2.06  -5.64  2.516  0.730  -0.08  -10.2  -3.77  -11.5  1.818  -9.40  -7.97  -10.2  -0.79  -3.76  2.824  0.356  -8.14  -11.9  4.925  -8.15 
X -6.65  -3.74  -4.74  0.730  2.443  0.959  0.056  5.720  -2.00  -2.62  -8.33  -0.49  -2.38  2.447  -6.22  7.102  -3.02  -2.88  -1.46  -4.02  3.823 
K 3.870  1.676  2.088  -0.08  0.959  0.444  -3.68  -5.54  -6.50  -5.69  -13.5  -9.18  -1.13  2.611  4.545  3.517  -9.31  -2.19  -20.6  4.973  5.483 
F -6.80  -13.3  -10.6  -10.2  0.056  -3.68  8.011  1.649  -1.76  1.129  6.908  -3.15  0.807  -9.14  -8.83  -10.6  -24.0  4.393  -4.30  -8.37  -3.50 
M -8.70  -7.31  -9.87  -3.77  5.720  -5.54  1.649  -4.01  -14.7  -10.8  -0.88  -2.57  -6.00  -24.7  -4.38  -14.0  -22.4  4.890  1.657  -6.92  -9.17 
H -0.37  -6.68  -5.77  -11.5  -2.00  -6.50  -1.76  -14.7  6.518  -23.0  -13.0  8.924  -10.4  -6.35  -7.10  -25.9  -20.9  -6.79  0.965  -6.11  -2.23 
V -9.69  -13.2  -9.65  1.818  -2.62  -5.69  1.129  -10.8  -23.0  7.614  6.932  -5.49  3.608  -16.4  -8.62  -4.08  -11.1  -1.38  -18.8  -6.80  -5.33 
C -17.3  -16.0  -14.0  -9.40  -8.33  -13.5  6.908  -0.88  -13.0  6.932  -9.27  -12.2  -9.48  -23.8  -21.6  -19.5  -5.68  2.356  -5.04  -10.4  -14.3 
Y -7.92  -17.9  -15.0  -7.97  -0.49  -9.18  -3.15  -2.57  8.924  -5.49  -12.2  0.171  -2.17  -10.5  -5.49  -21.5  -2.28  -0.91  5.009  -9.17  -6.47 
I -6.98  -14.0  -7.85  -10.2  -2.38  -1.13  0.807  -6.00  -10.4  3.608  -9.48  -2.17  1.760  -16.5  0.931  -12.6  -25.0  2.988  -10.5  -5.20  2.021 
N 0.912  8.760  6.185  -0.79  2.447  2.611  -9.14  -24.7  -6.35  -16.4  -23.8  -10.5  -16.5  6.146  2.365  -4.97  -1.19  -5.93  -11.3  0.083  -4.77 
Q 3.669  2.606  1.750  -3.76  -6.22  4.545  -8.83  -4.38  -7.10  -8.62  -21.6  -5.49  0.931  2.365  1.658  -4.58  -2.44  -9.12  -21.7  -1.59  5.538 
P -0.31  -4.04  -6.66  2.824  7.102  3.517  -10.6  -14.0  -25.9  -4.08  -19.5  -21.5  -12.6  -4.97  -4.58  6.732  -18.5  -9.80  -66.9  0.978  -14.7 
G -6.37  -6.25  0.749  0.356  -3.02  -9.31  -24.0  -22.4  -20.9  -11.1  -5.68  -2.28  -25.0  -1.19  -2.44  -18.5  15.15  -23.5  -63.3  -11.1  -13.4 
L -4.49  -7.82  -10.5  -8.14  -2.88  -2.19  4.393  4.890  -6.79  -1.38  2.356  -0.91  2.988  -5.93  -9.12  -9.80  -23.5  5.518  1.002  0.573  0.749 
W -15.9  -11.9  -37.6  -11.9  -1.46  -20.6  -4.30  1.657  0.965  -18.8  -5.04  5.009  -10.5  -11.3  -21.7  -66.9  -63.3  1.002  16.01  -14.6  -10.1 
T -2.54  2.997  -3.40  4.925  -4.02  4.973  -8.37  -6.92  -6.11  -6.80  -10.4  -9.17  -5.20  0.083  -1.59  0.978  -11.1  0.573  -14.6  -2.45  3.876 
R 1.213  -0.11  -2.35  -8.15  3.823  5.483  -3.50  -9.17  -2.23  -5.33  -14.3  -6.47  2.021  -4.77  5.538  -14.7  -13.4  0.749  -10.1  3.876  6.576 

